00001/0001 7 (256,448,3)
00001/0002 7 (256,448,3)
00001/0003 7 (256,448,3)
00001/0004 7 (256,448,3)
00001/0005 7 (256,448,3)
00001/0006 7 (256,448,3)
00001/0007 7 (256,448,3)
00001/0008 7 (256,448,3)
00001/0009 7 (256,448,3)
00001/0010 7 (256,448,3)
00001/0011 7 (256,448,3)
00001/0012 7 (256,448,3)
00001/0013 7 (256,448,3)
00001/0014 7 (256,448,3)
00001/0015 7 (256,448,3)
00001/0016 7 (256,448,3)
00001/0017 7 (256,448,3)
00001/0018 7 (256,448,3)
00001/0019 7 (256,448,3)
00001/0020 7 (256,448,3)
00001/0021 7 (256,448,3)
00001/0022 7 (256,448,3)
00001/0023 7 (256,448,3)
00001/0024 7 (256,448,3)
00001/0025 7 (256,448,3)
00001/0026 7 (256,448,3)
00001/0027 7 (256,448,3)
00001/0028 7 (256,448,3)
00001/0029 7 (256,448,3)
00001/0030 7 (256,448,3)
00001/0031 7 (256,448,3)
00001/0032 7 (256,448,3)
00001/0033 7 (256,448,3)
00001/0034 7 (256,448,3)
00001/0035 7 (256,448,3)
00001/0036 7 (256,448,3)
00001/0037 7 (256,448,3)
00001/0038 7 (256,448,3)
00001/0039 7 (256,448,3)
00001/0040 7 (256,448,3)
00001/0041 7 (256,448,3)
00001/0042 7 (256,448,3)
00001/0043 7 (256,448,3)
00001/0044 7 (256,448,3)
00001/0045 7 (256,448,3)
00001/0046 7 (256,448,3)
00001/0047 7 (256,448,3)
00001/0048 7 (256,448,3)
00001/0049 7 (256,448,3)
00001/0050 7 (256,448,3)
00001/0051 7 (256,448,3)
00001/0052 7 (256,448,3)
00001/0053 7 (256,448,3)
00001/0054 7 (256,448,3)
00001/0055 7 (256,448,3)
00001/0056 7 (256,448,3)
00001/0057 7 (256,448,3)
00001/0058 7 (256,448,3)
00001/0059 7 (256,448,3)
00001/0060 7 (256,448,3)
00001/0061 7 (256,448,3)
00001/0062 7 (256,448,3)
00001/0063 7 (256,448,3)
00001/0064 7 (256,448,3)
00001/0065 7 (256,448,3)
00001/0066 7 (256,448,3)
00001/0067 7 (256,448,3)
00001/0068 7 (256,448,3)
00001/0069 7 (256,448,3)
00001/0070 7 (256,448,3)
00001/0071 7 (256,448,3)
00001/0072 7 (256,448,3)
00001/0073 7 (256,448,3)
00001/0074 7 (256,448,3)
00001/0075 7 (256,448,3)
00001/0076 7 (256,448,3)
00001/0077 7 (256,448,3)
00001/0078 7 (256,448,3)
00001/0079 7 (256,448,3)
00001/0080 7 (256,448,3)